[3,1] [4,1] [5,7] [6,2]
[3,1] [4,1] [5,9]
[3,1] [4,5] [5,2] [7,3]
[3,1] [4,5] [6,4] [7,1]
[3,1] [4,7] [5,1] [9,2]
[3,1] [4,9] [9,1]
[3,2] [4,1] [5,6] [7,2]
[3,2] [4,2] [5,6] [10,1]
[3,2] [4,5] [6,3] [10,1]
[3,2] [4,6] [5,1] [9,1] [10,1]
[3,2] [4,6] [6,1] [8,1] [10,1]
[3,2] [4,6] [7,2] [10,1]
[3,2] [4,7] [8,1] [10,1]
[3,2] [4,7] [10,2]
[3,2] [4,8] [10,1]
[3,2] [5,7] [6,1] [7,1]
[3,2] [5,8] [6,1]
[3,2] [5,8] [8,1]
[3,3] [4,1] [5,5] [6,1] [10,1]
[3,3] [4,1] [5,5] [8,2]
[3,3] [4,3] [6,2] [7,3]
[3,3] [4,4] [5,1] [8,3]
[3,3] [4,4] [6,2] [7,1] [10,1]
[3,3] [5,6] [6,1] [9,1]
[3,4] [4,1] [5,2] [6,3] [10,1]
[3,4] [4,2] [5,2] [8,3]
[3,4] [4,3] [7,3] [9,1]
[3,4] [5,4] [6,1] [7,1] [9,1]
[3,4] [5,4] [6,2] [10,1]
[3,4] [5,6] [10,1]
[3,5] [4,1] [5,1] [6,1] [8,3]
[3,5] [4,1] [5,1] [7,3] [9,1]
[3,5] [4,1] [6,2] [7,1] [8,2]
[3,5] [4,1] [6,2] [7,2] [9,1]
[3,5] [5,1] [6,2] [7,2] [8,1]
[3,5] [5,1] [6,3] [8,2]
[3,5] [5,2] [6,1] [7,1] [8,2]
[3,5] [5,2] [6,1] [7,2] [9,1]
[3,5] [5,2] [6,2] [7,1] [10,1]
[3,5] [5,2] [7,3] [8,1]
[3,5] [5,3] [6,2] [10,1]
[3,5] [5,5] [10,1]
[3,6] [6,2] [8,3]
[3,10] [10,1]
[4,2] [5,8] [6,1]
[4,3] [5,8]
[4,6] [5,1] [6,3] [7,1]
[4,6] [6,5]
[4,7] [6,2] [7,2]
[4,7] [6,3] [8,1]
[4,8] [6,1] [7,2]
[4,9] [9,2]
[4,10] [8,1]
