All degree patterns and their frequencies:
[3,4] [4,3] [5,2] [6,1] : 1920
[3,4] [4,4] [5,2] : 1442
[3,5] [4,3] [5,1] [6,1] : 1389
[3,3] [4,3] [5,3] [6,1] : 1042
[3,5] [4,4] [5,1] : 945
[3,3] [4,4] [5,3] : 937
[3,5] [4,2] [5,3] : 910
[3,3] [4,5] [5,1] [6,1] : 908
[3,4] [4,2] [5,2] [6,2] : 853
[3,6] [4,2] [5,2] : 745
[3,5] [4,2] [5,1] [6,2] : 734
[3,4] [4,3] [5,1] [6,1] [7,1] : 731
[3,3] [4,4] [5,1] [6,2] : 682
[3,4] [4,2] [5,4] : 615
[3,5] [4,1] [5,3] [6,1] : 610
[3,4] [4,4] [5,1] [7,1] : 574
[3,5] [4,2] [5,2] [7,1] : 547
[3,6] [4,1] [5,2] [6,1] : 540
[3,2] [4,5] [5,2] [6,1] : 529
[3,3] [4,4] [5,2] [7,1] : 519
[3,3] [4,3] [5,2] [6,1] [7,1] : 513
[3,3] [4,6] [5,1] : 466
[3,4] [4,5] [6,1] : 453
[3,4] [4,2] [5,3] [7,1] : 447
[3,4] [4,4] [6,2] : 417
[3,6] [4,3] [6,1] : 367
[3,5] [4,1] [5,2] [6,1] [7,1] : 358
[3,2] [4,6] [5,2] : 356
[3,3] [4,2] [5,3] [6,2] : 334
[3,4] [4,1] [5,4] [6,1] : 322
[3,2] [4,4] [5,2] [6,2] : 306
[3,7] [4,2] [5,1] : 303
[3,5] [4,3] [6,1] [7,1] : 289
[3,4] [4,2] [5,1] [6,2] [7,1] : 286
[3,6] [4,2] [5,1] [7,1] : 282
[3,2] [4,4] [5,4] : 278
[3,6] [4,4] : 257
[3,4] [4,6] : 230
[3,3] [4,3] [5,1] [6,3] : 211
[3,2] [4,3] [5,4] [6,1] : 210
[3,7] [4,1] [5,1] [6,1] : 210
[3,6] [4,2] [6,2] : 205
[3,5] [4,4] [7,1] : 197
[3,4] [4,3] [5,2] [8,1] : 194
[3,3] [4,5] [6,1] [7,1] : 185
[3,3] [4,2] [5,5] : 182
[3,4] [4,1] [5,3] [6,1] [7,1] : 182
[3,2] [4,5] [5,1] [6,1] [7,1] : 172
[3,4] [4,2] [5,2] [6,1] [8,1] : 171
[3,6] [4,1] [5,1] [6,1] [7,1] : 171
[3,5] [4,1] [5,1] [6,3] : 164
[3,4] [4,3] [6,3] : 158
[3,2] [4,4] [5,3] [7,1] : 152
[3,3] [4,2] [5,4] [7,1] : 142
[3,4] [4,2] [5,2] [7,2] : 131
[3,5] [4,3] [5,1] [8,1] : 130
[3,3] [4,4] [5,1] [6,1] [8,1] : 127
[3,5] [4,2] [5,1] [6,1] [8,1] : 125
[3,6] [5,2] [6,2] : 114
[3,5] [4,2] [6,2] [7,1] : 113
[3,2] [4,6] [5,1] [7,1] : 111
[3,3] [4,2] [5,2] [6,2] [7,1] : 108
[3,4] [4,1] [5,2] [6,3] : 108
[3,1] [4,5] [5,3] [6,1] : 99
[3,3] [4,3] [5,3] [8,1] : 99
[3,3] [4,4] [5,1] [7,2] : 97
[3,3] [4,4] [6,2] [7,1] : 97
[3,5] [4,2] [5,1] [7,2] : 96
[3,2] [4,3] [5,3] [6,1] [7,1] : 94
[3,3] [4,6] [7,1] : 91
[3,4] [4,4] [6,1] [8,1] : 87
[3,1] [4,6] [5,3] : 85
[3,2] [4,6] [6,2] : 84
[3,3] [4,5] [5,1] [8,1] : 83
[3,2] [4,7] [6,1] : 81
[3,3] [4,1] [5,5] [6,1] : 76
[3,4] [4,3] [5,1] [7,1] [8,1] : 76
[3,5] [5,3] [6,2] : 72
[3,4] [4,4] [7,2] : 71
[3,6] [5,4] : 71
[3,2] [4,4] [5,1] [6,2] [7,1] : 65
[3,8] [4,2] : 64
[3,7] [4,2] [7,1] : 62
[3,3] [4,3] [5,1] [6,1] [7,2] : 61
[3,5] [4,1] [5,3] [8,1] : 59
[3,1] [4,7] [5,1] [6,1] : 58
[3,7] [5,3] : 56
[3,5] [4,1] [5,1] [6,1] [7,2] : 55
[3,2] [4,3] [5,2] [6,3] : 54
[3,6] [5,3] [7,1] : 54
[3,3] [4,2] [5,3] [6,1] [8,1] : 51
[3,3] [4,3] [5,1] [6,2] [8,1] : 50
[3,4] [5,4] [6,2] : 50
[3,2] [4,2] [5,4] [6,2] : 49
[3,2] [4,4] [5,2] [6,1] [8,1] : 47
[3,3] [4,3] [5,2] [7,1] [8,1] : 45
[3,4] [4,5] [8,1] : 45
[3,6] [4,1] [5,2] [8,1] : 45
[3,1] [4,6] [5,1] [6,2] : 44
[3,3] [4,1] [5,4] [6,1] [7,1] : 44
[3,4] [4,3] [6,1] [7,2] : 44
[3,2] [4,5] [5,2] [8,1] : 42
[3,2] [4,8] : 41
[3,6] [4,1] [6,3] : 41
[3,2] [4,4] [5,2] [7,2] : 40
[3,8] [4,1] [6,1] : 40
[3,2] [4,5] [6,3] : 39
[3,3] [4,1] [5,3] [6,3] : 38
[3,5] [4,1] [5,1] [6,2] [8,1] : 38
[3,4] [4,2] [6,4] : 37
[3,6] [5,1] [6,2] [7,1] : 37
[3,4] [4,3] [6,2] [8,1] : 36
[3,5] [5,5] : 36
[3,2] [4,2] [5,6] : 35
[3,4] [4,2] [5,1] [6,1] [7,1] [8,1] : 35
[3,4] [4,1] [5,2] [6,1] [7,2] : 34
[3,5] [5,2] [6,2] [7,1] : 34
[3,6] [4,3] [8,1] : 34
[3,1] [4,4] [5,3] [6,2] : 33
[3,5] [4,1] [6,3] [7,1] : 33
[3,1] [4,6] [5,2] [7,1] : 32
[3,3] [4,2] [5,3] [7,2] : 32
[3,3] [4,3] [6,3] [7,1] : 31
[3,4] [4,1] [5,4] [8,1] : 31
[3,5] [5,4] [7,1] : 31
[3,7] [5,1] [6,2] : 31
[3,1] [4,4] [5,5] : 30
[3,1] [4,8] [5,1] : 30
[3,5] [4,3] [7,1] [8,1] : 30
[3,6] [4,2] [6,1] [8,1] : 30
[3,7] [4,1] [6,1] [7,1] : 30
[3,8] [5,2] : 30
[3,1] [4,5] [5,2] [6,1] [7,1] : 29
[3,4] [4,1] [5,2] [6,2] [8,1] : 29
[3,4] [4,2] [6,2] [7,2] : 27
[3,6] [4,2] [7,2] : 27
[3,3] [4,5] [7,1] [8,1] : 25
[3,4] [4,3] [5,1] [6,1] [9,1] : 25
[3,5] [4,1] [5,2] [7,1] [8,1] : 25
[3,7] [5,2] [7,1] : 25
[3,4] [4,1] [5,3] [7,1] [8,1] : 21
[3,4] [5,6] : 21
[3,4] [4,1] [5,1] [6,3] [7,1] : 19
[3,2] [4,6] [6,1] [8,1] : 18
[3,2] [4,6] [7,2] : 18
[3,3] [4,2] [5,1] [6,4] : 18
[3,3] [4,3] [5,2] [6,1] [9,1] : 18
[3,4] [4,2] [5,3] [9,1] : 18
[3,4] [4,4] [5,1] [9,1] : 18
[3,3] [4,4] [5,2] [9,1] : 17
[3,5] [4,2] [5,2] [9,1] : 17
[3,1] [4,3] [5,5] [6,1] : 16
[3,1] [4,5] [5,1] [6,3] : 16
[3,2] [4,5] [5,1] [7,1] [8,1] : 16
[3,6] [5,2] [6,1] [8,1] : 16
[3,4] [5,5] [7,1] : 15
[3,7] [4,1] [5,1] [8,1] : 15
[3,1] [4,4] [5,4] [7,1] : 14
[3,2] [4,3] [5,4] [8,1] : 14
[3,4] [5,3] [6,2] [7,1] : 14
[3,2] [4,2] [5,5] [7,1] : 13
[3,5] [5,3] [6,1] [8,1] : 13
[3,3] [4,4] [6,1] [7,1] [8,1] : 12
[3,4] [4,2] [6,3] [8,1] : 12
[3,6] [5,2] [7,2] : 12
[3,9] [5,1] : 12
[3,3] [4,2] [5,2] [6,1] [7,1] [8,1] : 11
[3,5] [5,3] [7,2] : 11
[4,6] [5,4] : 11
[3,3] [4,4] [5,1] [8,2] : 10
[3,4] [5,2] [6,4] : 10
[3,5] [4,1] [5,2] [6,1] [9,1] : 10
[3,5] [4,3] [6,1] [9,1] : 10
[3,2] [4,2] [5,3] [6,2] [7,1] : 9
[3,2] [4,3] [5,2] [6,1] [7,2] : 9
[3,3] [4,4] [5,1] [7,1] [9,1] : 9
[3,4] [4,2] [5,1] [6,2] [9,1] : 9
[3,4] [4,4] [7,1] [9,1] : 9
[3,4] [4,4] [8,2] : 9
[3,6] [4,2] [5,1] [9,1] : 9
[3,8] [5,1] [7,1] : 9
[4,7] [5,2] [6,1] : 9
[3,1] [4,7] [6,1] [7,1] : 8
[3,2] [4,2] [5,2] [6,4] : 8
[3,2] [4,3] [5,2] [6,2] [8,1] : 8
[3,2] [4,4] [6,4] : 8
[3,3] [4,1] [5,5] [8,1] : 8
[3,4] [4,2] [5,2] [7,1] [9,1] : 8
[3,4] [4,2] [5,2] [8,2] : 8
[3,5] [4,4] [9,1] : 8
[3,6] [6,4] : 8
[4,8] [5,2] : 8
[3,1] [4,4] [5,2] [6,2] [7,1] : 7
[3,2] [4,7] [8,1] : 7
[3,3] [4,1] [5,2] [6,3] [7,1] : 7
[3,3] [4,5] [6,1] [9,1] : 7
[3,4] [4,1] [5,3] [6,1] [9,1] : 7
[3,4] [4,2] [5,1] [7,3] : 7
[3,8] [6,2] : 7
[3,1] [4,6] [5,1] [7,2] : 6
[3,2] [4,1] [5,6] [6,1] : 6
[3,2] [4,2] [5,4] [6,1] [8,1] : 6
[3,2] [4,2] [5,4] [7,2] : 6
[3,2] [4,4] [6,2] [7,2] : 6
[3,2] [4,5] [6,1] [7,2] : 6
[3,2] [4,5] [6,2] [8,1] : 6
[3,3] [4,1] [5,3] [6,1] [7,2] : 6
[3,3] [4,2] [5,1] [6,2] [7,2] : 6
[3,3] [4,2] [5,4] [9,1] : 6
[3,5] [5,1] [6,4] : 6
[4,6] [5,2] [6,2] : 6
[3,1] [4,3] [5,3] [6,3] : 5
[3,1] [4,6] [5,1] [6,1] [8,1] : 5
[3,1] [4,6] [6,2] [7,1] : 5
[3,1] [4,8] [7,1] : 5
[3,2] [4,3] [5,1] [6,3] [7,1] : 5
[3,2] [4,3] [5,3] [7,1] [8,1] : 5
[3,2] [4,4] [5,1] [6,1] [7,1] [8,1] : 5
[3,3] [4,4] [6,2] [9,1] : 5
[3,4] [4,1] [5,1] [6,2] [7,1] [8,1] : 5
[3,5] [5,2] [6,1] [7,1] [8,1] : 5
[3,10] : 5
[4,5] [5,4] [6,1] : 5
[3,1] [4,5] [5,3] [8,1] : 4
[3,2] [4,5] [5,1] [6,1] [9,1] : 4
[3,3] [4,1] [5,3] [6,2] [8,1] : 4
[3,3] [4,2] [5,1] [6,3] [8,1] : 4
[3,3] [4,2] [5,2] [6,2] [9,1] : 4
[3,3] [4,3] [5,1] [6,1] [7,1] [9,1] : 4
[3,3] [4,3] [6,1] [7,3] : 4
[3,3] [4,3] [6,2] [7,1] [8,1] : 4
[3,3] [5,5] [6,2] : 4
[3,5] [4,1] [6,1] [7,3] : 4
[3,5] [4,1] [6,2] [7,1] [8,1] : 4
[3,5] [5,1] [6,2] [7,2] : 4
[3,6] [6,2] [7,2] : 4
[3,1] [4,2] [5,5] [6,2] : 3
[3,1] [4,3] [5,4] [6,1] [7,1] : 3
[3,1] [4,5] [5,2] [7,1] [8,1] : 3
[3,1] [4,7] [5,1] [8,1] : 3
[3,2] [4,4] [5,2] [8,2] : 3
[3,2] [4,4] [5,3] [9,1] : 3
[3,3] [4,2] [5,2] [7,3] : 3
[3,3] [4,5] [8,1] [9,1] : 3
[3,3] [4,6] [9,1] : 3
[3,3] [5,4] [6,2] [7,1] : 3
[3,3] [5,6] [7,1] : 3
[3,4] [5,4] [6,1] [8,1] : 3
[3,4] [5,4] [7,2] : 3
[3,6] [5,3] [9,1] : 3
[3,7] [4,2] [9,1] : 3
[3,8] [4,1] [8,1] : 3
[3,9] [7,1] : 3
[4,4] [5,4] [6,2] : 3
[4,8] [6,2] : 3
[4,10] : 3
[3,1] [4,2] [5,7] : 2
[3,1] [4,4] [5,3] [6,1] [8,1] : 2
[3,1] [4,4] [5,3] [7,2] : 2
[3,1] [4,5] [5,1] [6,1] [7,2] : 2
[3,1] [4,5] [5,1] [6,2] [8,1] : 2
[3,1] [4,7] [7,1] [8,1] : 2
[3,2] [4,1] [5,5] [6,1] [7,1] : 2
[3,2] [4,3] [5,3] [6,1] [9,1] : 2
[3,2] [4,4] [5,1] [6,2] [9,1] : 2
[3,2] [4,4] [5,2] [7,1] [9,1] : 2
[3,2] [4,4] [6,3] [8,1] : 2
[3,2] [4,6] [5,1] [9,1] : 2
[3,2] [4,6] [8,2] : 2
[3,3] [4,2] [5,3] [7,1] [9,1] : 2
[3,3] [4,2] [5,3] [8,2] : 2
[3,3] [4,3] [5,1] [6,1] [8,2] : 2
[3,3] [4,3] [5,1] [7,2] [8,1] : 2
[3,3] [4,3] [5,2] [8,1] [9,1] : 2
[3,3] [4,4] [7,3] : 2
[3,3] [5,7] : 2
[3,4] [4,2] [6,1] [7,2] [8,1] : 2
[3,4] [4,2] [6,2] [8,2] : 2
[3,4] [5,2] [6,2] [7,2] : 2
[3,4] [6,6] : 2
[3,5] [5,1] [6,3] [8,1] : 2
[3,5] [5,2] [7,3] : 2
[3,6] [6,3] [8,1] : 2
[4,4] [5,6] : 2
[4,6] [5,2] [7,2] : 2
[4,6] [5,3] [7,1] : 2
[4,7] [5,1] [6,1] [7,1] : 2
[4,8] [5,1] [7,1] : 2
[4,9] [6,1] : 2
[3,1] [4,2] [5,6] [7,1] : 1
[3,1] [4,4] [5,1] [6,4] : 1
[3,1] [4,5] [6,3] [7,1] : 1
[3,1] [4,6] [5,1] [8,2] : 1
[3,2] [4,1] [5,4] [6,3] : 1
[3,2] [4,2] [5,5] [9,1] : 1
[3,2] [4,3] [6,5] : 1
[3,2] [4,5] [5,1] [8,1] [9,1] : 1
[3,2] [4,5] [6,1] [7,1] [9,1] : 1
[3,2] [4,6] [7,1] [9,1] : 1
[3,2] [4,6] [9,2] : 1
[3,2] [5,6] [6,2] : 1
[3,2] [5,8] : 1
[3,3] [4,1] [5,1] [6,5] : 1
[3,3] [4,1] [5,4] [6,1] [9,1] : 1
[3,3] [4,1] [5,4] [7,1] [8,1] : 1
[3,3] [4,3] [6,3] [9,1] : 1
[3,3] [5,5] [6,1] [8,1] : 1
[3,4] [4,1] [5,1] [6,1] [7,3] : 1
[3,4] [4,1] [5,1] [6,3] [9,1] : 1
[3,4] [4,1] [5,2] [6,1] [7,1] [9,1] : 1
[3,4] [4,1] [5,2] [6,1] [8,2] : 1
[3,4] [4,1] [5,2] [7,2] [8,1] : 1
[3,4] [4,1] [6,4] [8,1] : 1
[3,4] [4,2] [7,4] : 1
[3,4] [5,1] [6,4] [7,1] : 1
[3,4] [5,3] [6,1] [7,1] [8,1] : 1
[3,4] [5,3] [7,3] : 1
[3,4] [5,4] [7,1] [9,1] : 1
[3,4] [5,4] [8,2] : 1
[3,5] [5,1] [6,1] [7,2] [8,1] : 1
[3,5] [5,2] [6,2] [9,1] : 1
[3,5] [5,4] [9,1] : 1
[3,9] [9,1] : 1
[4,2] [5,8] : 1
[4,3] [5,6] [6,1] : 1
[4,5] [5,2] [6,3] : 1
[4,5] [5,3] [6,1] [7,1] : 1
[4,6] [5,1] [6,2] [7,1] : 1
[4,6] [6,4] : 1
[4,8] [8,2] : 1
