All degree patterns and their frequencies:
[3,4] [4,4] [5,2] [6,1] : 18183
[3,5] [4,4] [5,1] [6,1] : 12675
[3,4] [4,3] [5,2] [6,2] : 12372
[3,5] [4,2] [5,3] [6,1] : 12053
[3,3] [4,4] [5,3] [6,1] : 10836
[3,5] [4,3] [5,3] : 10367
[3,6] [4,2] [5,2] [6,1] : 10184
[3,5] [4,3] [5,1] [6,2] : 10136
[3,4] [4,5] [5,2] : 9416
[3,4] [4,4] [5,1] [6,1] [7,1] : 8860
[3,5] [4,2] [5,2] [6,1] [7,1] : 8699
[3,5] [4,3] [5,2] [7,1] : 8115
[3,6] [4,3] [5,2] : 7835
[3,4] [4,3] [5,4] : 7135
[3,4] [4,2] [5,4] [6,1] : 6943
[3,4] [4,3] [5,3] [7,1] : 6828
[3,3] [4,4] [5,2] [6,1] [7,1] : 6787
[3,3] [4,5] [5,3] : 6680
[3,5] [4,5] [5,1] : 5884
[3,3] [4,5] [5,1] [6,2] : 5739
[3,3] [4,3] [5,3] [6,2] : 5708
[3,4] [4,2] [5,3] [6,1] [7,1] : 5649
[3,3] [4,6] [5,1] [6,1] : 5643
[3,4] [4,3] [5,1] [6,2] [7,1] : 5128
[3,6] [4,2] [5,1] [6,1] [7,1] : 5058
[3,4] [4,5] [5,1] [7,1] : 4860
[3,3] [4,5] [5,2] [7,1] : 4668
[3,6] [4,3] [5,1] [7,1] : 4181
[3,7] [4,2] [5,1] [6,1] : 4093
[3,6] [4,1] [5,2] [6,2] : 4065
[3,5] [4,1] [5,3] [6,2] : 3842
[3,2] [4,6] [5,2] [6,1] : 3679
[3,5] [4,2] [5,1] [6,3] : 3521
[3,4] [4,3] [5,2] [6,1] [8,1] : 3511
[3,5] [4,4] [6,1] [7,1] : 3419
[3,4] [4,2] [5,2] [6,3] : 3228
[3,4] [4,5] [6,2] : 3121
[3,6] [4,4] [6,1] : 3120
[3,7] [4,3] [5,1] : 3022
[3,5] [4,3] [5,1] [6,1] [8,1] : 2964
[3,2] [4,5] [5,2] [6,2] : 2919
[3,6] [4,3] [6,2] : 2753
[3,4] [4,4] [5,2] [8,1] : 2725
[3,3] [4,3] [5,2] [6,2] [7,1] : 2698
[3,2] [4,4] [5,4] [6,1] : 2671
[3,3] [4,4] [5,1] [6,3] : 2620
[3,4] [4,6] [6,1] : 2591
[3,3] [4,3] [5,5] : 2484
[3,3] [4,3] [5,4] [7,1] : 2427
[3,5] [4,3] [6,2] [7,1] : 2266
[3,4] [4,3] [5,2] [7,2] : 2256
[3,5] [4,1] [5,2] [6,2] [7,1] : 2185
[3,3] [4,7] [5,1] : 2143
[3,6] [4,1] [5,3] [7,1] : 2136
[3,2] [4,5] [5,4] : 2127
[3,6] [4,1] [5,4] : 2094
[3,5] [4,3] [5,1] [7,2] : 1988
[3,6] [4,1] [5,1] [6,2] [7,1] : 1927
[3,5] [4,4] [5,1] [8,1] : 1918
[3,3] [4,2] [5,5] [6,1] : 1910
[3,4] [4,1] [5,4] [6,2] : 1833
[3,5] [4,2] [5,3] [8,1] : 1809
[3,5] [4,2] [5,1] [6,1] [7,2] : 1792
[3,4] [4,4] [6,3] : 1784
[3,7] [4,1] [5,3] : 1783
[3,7] [4,1] [5,1] [6,2] : 1740
[3,2] [4,7] [5,2] : 1663
[3,2] [4,4] [5,3] [6,1] [7,1] : 1635
[3,5] [4,1] [5,4] [7,1] : 1633
[3,2] [4,5] [5,3] [7,1] : 1626
[3,3] [4,5] [5,1] [6,1] [8,1] : 1611
[3,5] [4,5] [7,1] : 1604
[3,3] [4,2] [5,4] [6,1] [7,1] : 1491
[3,6] [4,2] [5,2] [8,1] : 1481
[3,2] [4,6] [5,1] [6,1] [7,1] : 1468
[3,3] [4,4] [5,3] [8,1] : 1456
[3,5] [4,2] [5,1] [6,2] [8,1] : 1425
[3,5] [4,1] [5,5] : 1418
[3,3] [4,6] [6,1] [7,1] : 1404
[3,6] [4,5] : 1403
[3,3] [4,3] [5,3] [6,1] [8,1] : 1374
[3,7] [4,1] [5,2] [7,1] : 1342
[3,4] [4,2] [5,2] [6,1] [7,2] : 1334
[3,4] [4,4] [5,1] [7,1] [8,1] : 1317
[3,5] [4,2] [5,2] [7,1] [8,1] : 1225
[3,4] [4,3] [5,1] [6,1] [7,1] [8,1] : 1156
[3,4] [4,1] [5,3] [6,2] [7,1] : 1149
[3,4] [4,2] [5,2] [6,2] [8,1] : 1149
[3,3] [4,2] [5,3] [6,3] : 1145
[3,3] [4,5] [6,2] [7,1] : 1140
[3,6] [4,1] [5,2] [6,1] [8,1] : 1116
[3,3] [4,4] [5,1] [6,1] [7,2] : 1101
[3,3] [4,5] [5,1] [7,2] : 1088
[3,6] [4,2] [6,3] : 1071
[3,5] [4,1] [5,3] [6,1] [8,1] : 1037
[3,2] [4,3] [5,4] [6,2] : 1031
[3,7] [4,2] [6,1] [7,1] : 1015
[3,4] [4,2] [5,4] [8,1] : 990
[3,4] [4,5] [6,1] [8,1] : 976
[3,4] [4,2] [5,1] [6,3] [7,1] : 959
[3,2] [4,4] [5,2] [6,3] : 954
[3,2] [4,5] [5,1] [6,2] [7,1] : 930
[3,3] [4,4] [5,1] [6,2] [8,1] : 925
[3,3] [4,4] [5,2] [7,1] [8,1] : 900
[3,4] [4,7] : 899
[3,3] [4,3] [5,3] [7,2] : 870
[3,8] [4,1] [5,2] : 865
[3,5] [4,2] [6,3] [7,1] : 812
[3,7] [4,3] [7,1] : 812
[3,4] [4,4] [6,1] [7,2] : 809
[3,7] [5,3] [6,1] : 802
[3,6] [4,3] [6,1] [8,1] : 790
[3,3] [4,6] [5,1] [8,1] : 785
[3,1] [4,6] [5,3] [6,1] : 769
[3,6] [5,4] [6,1] : 764
[3,6] [4,1] [5,2] [7,2] : 761
[3,2] [4,7] [5,1] [7,1] : 731
[3,4] [4,2] [5,3] [7,1] [8,1] : 692
[3,4] [4,5] [7,2] : 690
[3,4] [4,4] [6,2] [8,1] : 683
[3,8] [4,2] [6,1] : 674
[3,5] [4,1] [5,3] [7,2] : 670
[3,6] [5,3] [6,1] [7,1] : 670
[3,4] [4,4] [5,1] [6,1] [9,1] : 669
[3,2] [4,5] [5,2] [6,1] [8,1] : 656
[3,4] [4,1] [5,5] [7,1] : 645
[3,5] [4,2] [5,2] [6,1] [9,1] : 630
[3,5] [4,3] [5,2] [9,1] : 590
[3,7] [5,2] [6,1] [7,1] : 580
[3,6] [4,2] [5,1] [7,1] [8,1] : 579
[3,5] [4,4] [7,1] [8,1] : 571
[3,7] [4,2] [5,1] [8,1] : 564
[3,6] [4,3] [7,2] : 553
[3,3] [4,7] [7,1] : 544
[3,4] [4,1] [5,6] : 536
[3,5] [4,1] [5,2] [6,1] [7,1] [8,1] : 531
[3,4] [4,3] [6,4] : 529
[3,4] [4,3] [5,3] [9,1] : 519
[3,4] [4,3] [6,2] [7,2] : 511
[3,8] [4,3] : 506
[3,3] [4,3] [5,1] [6,4] : 493
[3,2] [4,7] [6,2] : 490
[3,5] [5,5] [6,1] : 490
[3,3] [4,4] [5,2] [6,1] [9,1] : 484
[3,6] [4,4] [8,1] : 467
[3,3] [4,3] [5,2] [6,1] [7,1] [8,1] : 466
[3,3] [4,4] [6,3] [7,1] : 459
[3,1] [4,7] [5,3] : 452
[3,1] [4,5] [5,3] [6,2] : 451
[3,2] [4,5] [5,2] [7,2] : 446
[3,2] [4,6] [5,2] [8,1] : 444
[3,2] [4,3] [5,3] [6,2] [7,1] : 438
[3,5] [5,4] [6,1] [7,1] : 437
[3,5] [4,3] [6,1] [7,1] [8,1] : 434
[3,6] [4,2] [6,1] [7,2] : 428
[3,4] [4,1] [5,4] [6,1] [8,1] : 416
[3,8] [4,1] [5,1] [7,1] : 414
[3,4] [4,2] [5,3] [6,1] [9,1] : 412
[3,2] [4,3] [5,6] : 404
[3,6] [5,2] [6,3] : 402
[3,5] [4,1] [5,1] [6,4] : 393
[3,4] [4,6] [8,1] : 383
[3,8] [5,2] [6,1] : 377
[3,5] [5,3] [6,3] : 376
[3,1] [4,6] [5,2] [6,1] [7,1] : 371
[3,3] [4,2] [5,2] [6,3] [7,1] : 370
[3,7] [4,1] [5,1] [6,1] [8,1] : 370
[3,2] [4,3] [5,5] [7,1] : 368
[3,4] [4,3] [5,1] [6,2] [9,1] : 365
[3,2] [4,8] [6,1] : 360
[3,6] [4,1] [5,1] [6,1] [7,1] [8,1] : 360
[3,3] [4,1] [5,5] [6,2] : 357
[3,4] [4,1] [5,2] [6,4] : 342
[3,6] [4,2] [6,2] [8,1] : 342
[3,4] [4,5] [5,1] [9,1] : 341
[3,4] [4,3] [5,2] [7,1] [9,1] : 331
[3,5] [4,1] [5,1] [6,2] [7,2] : 331
[3,3] [4,2] [5,3] [6,1] [7,2] : 329
[3,7] [4,1] [6,2] [7,1] : 315
[3,3] [4,5] [5,2] [9,1] : 313
[3,1] [4,7] [5,1] [6,2] : 312
[3,2] [4,6] [6,3] : 295
[3,3] [4,3] [5,1] [6,2] [7,2] : 293
[3,6] [4,2] [5,1] [6,1] [9,1] : 290
[3,1] [4,8] [5,1] [6,1] : 287
[3,3] [4,2] [5,3] [6,2] [8,1] : 286
[3,2] [4,4] [5,4] [8,1] : 282
[3,6] [4,3] [5,1] [9,1] : 279
[3,5] [4,2] [6,2] [7,1] [8,1] : 276
[3,2] [4,4] [5,2] [6,1] [7,2] : 275
[3,4] [4,2] [5,1] [6,2] [7,1] [8,1] : 275
[3,8] [4,1] [6,2] : 274
[3,7] [5,1] [6,3] : 272
[3,1] [4,5] [5,5] : 271
[3,4] [4,3] [6,3] [8,1] : 267
[3,5] [4,3] [5,1] [7,1] [9,1] : 266
[3,5] [4,4] [6,1] [9,1] : 263
[3,4] [4,1] [5,4] [7,2] : 254
[3,3] [4,6] [7,1] [8,1] : 250
[3,7] [4,1] [5,1] [7,2] : 248
[3,4] [4,3] [5,2] [8,2] : 247
[3,9] [4,1] [5,1] : 242
[3,1] [4,7] [5,2] [7,1] : 241
[3,2] [4,4] [5,2] [6,2] [8,1] : 241
[3,1] [4,4] [5,5] [6,1] : 238
[3,6] [4,1] [6,2] [7,2] : 230
[3,2] [4,2] [5,6] [6,1] : 229
[3,6] [4,1] [6,4] : 225
[3,4] [4,3] [5,1] [7,3] : 224
[3,3] [4,5] [6,1] [7,1] [8,1] : 216
[3,3] [4,2] [5,5] [8,1] : 214
[3,2] [4,6] [5,1] [7,1] [8,1] : 210
[3,6] [5,2] [6,1] [7,2] : 203
[3,5] [4,3] [5,1] [8,2] : 202
[3,2] [4,4] [5,1] [6,3] [7,1] : 193
[3,5] [4,1] [5,1] [6,3] [8,1] : 191
[3,4] [4,1] [5,2] [6,2] [7,2] : 182
[3,1] [4,5] [5,4] [7,1] : 175
[3,3] [4,1] [5,4] [6,2] [7,1] : 171
[3,3] [4,3] [5,1] [6,3] [8,1] : 171
[3,3] [4,5] [5,1] [7,1] [9,1] : 170
[3,4] [4,2] [5,2] [6,1] [7,1] [9,1] : 170
[3,3] [4,3] [5,4] [9,1] : 169
[3,4] [4,1] [5,3] [6,1] [7,1] [8,1] : 166
[3,2] [4,4] [5,3] [7,1] [8,1] : 165
[3,5] [4,2] [5,1] [6,1] [7,1] [9,1] : 163
[3,3] [4,3] [5,2] [6,2] [9,1] : 162
[3,5] [4,1] [5,2] [6,2] [9,1] : 157
[3,6] [5,2] [6,2] [8,1] : 153
[3,2] [4,3] [5,4] [6,1] [8,1] : 152
[3,3] [4,2] [5,4] [7,1] [8,1] : 151
[3,5] [5,2] [6,3] [7,1] : 151
[3,2] [4,5] [5,1] [6,1] [7,1] [8,1] : 148
[3,6] [4,1] [5,3] [9,1] : 141
[3,6] [5,1] [6,3] [7,1] : 139
[3,1] [4,6] [5,1] [6,3] : 137
[3,3] [4,4] [6,2] [7,1] [8,1] : 135
[3,2] [4,2] [5,5] [6,1] [7,1] : 134
[3,5] [4,2] [6,1] [7,3] : 134
[3,5] [4,3] [6,2] [9,1] : 133
[3,5] [4,2] [5,1] [7,2] [8,1] : 132
[3,3] [4,5] [5,1] [8,2] : 131
[3,4] [4,5] [7,1] [9,1] : 129
[3,8] [5,1] [6,1] [7,1] : 129
[3,3] [4,4] [5,1] [6,1] [7,1] [9,1] : 128
[3,4] [5,5] [6,1] [7,1] : 128
[3,1] [4,5] [5,2] [6,2] [7,1] : 127
[3,2] [4,2] [5,4] [6,3] : 127
[3,2] [4,9] : 125
[3,4] [5,6] [6,1] : 125
[3,1] [4,4] [5,4] [6,1] [7,1] : 123
[3,2] [4,3] [5,2] [6,4] : 123
[3,2] [4,7] [6,1] [8,1] : 123
[3,4] [4,4] [5,1] [8,1] [9,1] : 118
[3,5] [4,1] [5,4] [9,1] : 118
[3,5] [5,3] [6,1] [7,2] : 116
[3,5] [4,2] [5,1] [6,1] [8,2] : 115
[3,2] [4,6] [6,1] [7,2] : 114
[3,6] [5,4] [8,1] : 113
[3,5] [4,5] [9,1] : 112
[3,7] [5,3] [8,1] : 112
[3,3] [4,6] [6,1] [9,1] : 111
[3,4] [4,2] [5,2] [7,2] [8,1] : 111
[3,3] [4,1] [5,7] : 110
[3,1] [4,9] [5,1] : 109
[3,7] [4,2] [7,1] [8,1] : 108
[3,6] [4,1] [6,3] [8,1] : 107
[3,7] [5,1] [6,1] [7,2] : 107
[3,4] [4,2] [5,2] [6,1] [8,2] : 105
[3,9] [5,1] [6,1] : 104
[3,4] [4,2] [5,1] [6,1] [7,3] : 103
[3,4] [4,5] [8,2] : 103
[3,4] [5,4] [6,3] : 103
[3,2] [4,5] [6,4] : 102
[3,3] [4,3] [5,3] [7,1] [9,1] : 102
[3,4] [4,4] [6,1] [7,1] [9,1] : 102
[3,5] [4,1] [5,2] [7,3] : 101
[3,5] [4,1] [5,3] [7,1] [9,1] : 100
[3,2] [4,6] [6,2] [8,1] : 99
[3,8] [4,2] [8,1] : 99
[3,2] [4,3] [5,4] [7,2] : 97
[3,6] [4,1] [5,1] [6,2] [9,1] : 96
[3,1] [4,4] [5,3] [6,3] : 95
[3,3] [4,2] [5,4] [6,1] [9,1] : 95
[3,3] [4,1] [5,6] [7,1] : 94
[3,2] [4,7] [7,2] : 93
[3,4] [4,1] [5,2] [6,3] [8,1] : 93
[3,4] [4,3] [5,2] [6,1] [10,1] : 93
[3,5] [5,3] [6,2] [8,1] : 91
[3,2] [4,6] [5,1] [6,1] [9,1] : 89
[3,4] [4,3] [6,1] [7,2] [8,1] : 88
[3,6] [5,3] [7,1] [8,1] : 87
[3,2] [4,4] [5,3] [6,1] [9,1] : 85
[3,2] [4,5] [5,3] [9,1] : 85
[3,5] [4,3] [7,3] : 84
[3,6] [4,1] [5,1] [7,3] : 84
[3,3] [4,3] [5,2] [7,3] : 82
[3,7] [5,1] [6,2] [8,1] : 81
[3,3] [4,4] [5,1] [6,1] [8,2] : 78
[3,3] [4,5] [6,2] [9,1] : 77
[3,5] [4,1] [5,3] [8,2] : 76
[3,7] [4,1] [5,2] [9,1] : 76
[3,3] [4,3] [5,3] [8,2] : 71
[3,4] [4,1] [5,1] [6,4] [7,1] : 70
[3,4] [4,4] [5,2] [10,1] : 70
[3,6] [4,3] [7,1] [9,1] : 70
[3,1] [4,6] [5,3] [8,1] : 69
[3,4] [4,2] [5,1] [6,3] [9,1] : 69
[3,7] [6,3] [7,1] : 69
[3,3] [4,4] [5,1] [7,2] [8,1] : 67
[3,1] [4,5] [5,3] [6,1] [8,1] : 66
[3,4] [4,4] [6,1] [8,2] : 65
[3,5] [4,3] [5,1] [6,1] [10,1] : 65
[3,6] [4,1] [5,2] [7,1] [9,1] : 65
[3,2] [4,5] [6,2] [7,2] : 64
[3,3] [4,1] [5,3] [6,4] : 63
[3,3] [4,4] [5,2] [8,1] [9,1] : 63
[3,3] [4,4] [6,1] [7,3] : 63
[3,5] [5,5] [8,1] : 63
[3,1] [4,8] [6,1] [7,1] : 62
[3,5] [4,1] [5,1] [6,1] [7,2] [8,1] : 62
[3,9] [4,1] [7,1] : 62
[3,1] [4,7] [5,1] [6,1] [8,1] : 61
[3,3] [4,1] [5,5] [6,1] [8,1] : 61
[3,1] [4,3] [5,5] [6,2] : 60
[3,5] [4,2] [5,2] [8,1] [9,1] : 60
[3,2] [4,5] [5,2] [7,1] [9,1] : 57
[3,4] [4,1] [5,3] [6,2] [9,1] : 57
[3,6] [4,3] [8,2] : 57
[3,4] [4,4] [7,2] [8,1] : 56
[3,1] [4,5] [5,3] [7,2] : 55
[3,5] [4,4] [8,1] [9,1] : 54
[3,7] [4,2] [6,1] [9,1] : 54
[3,7] [4,3] [9,1] : 54
[3,8] [4,1] [6,1] [8,1] : 54
[3,3] [4,2] [5,1] [6,5] : 53
[3,4] [4,2] [6,5] : 53
[3,2] [4,5] [5,1] [6,2] [9,1] : 52
[3,4] [4,2] [5,3] [8,1] [9,1] : 52
[3,5] [5,4] [7,1] [8,1] : 52
[4,6] [5,4] [6,1] : 52
[3,4] [4,3] [5,1] [6,1] [8,1] [9,1] : 51
[3,4] [5,3] [6,3] [7,1] : 51
[4,8] [5,2] [6,1] : 51
[3,1] [4,7] [5,1] [7,2] : 50
[3,7] [5,2] [7,1] [8,1] : 50
[3,2] [4,5] [5,2] [8,2] : 49
[3,4] [4,1] [5,5] [9,1] : 49
[3,2] [4,8] [8,1] : 48
[3,3] [4,2] [5,2] [6,2] [7,1] [8,1] : 47
[3,5] [4,2] [6,3] [9,1] : 47
[3,5] [4,2] [5,3] [10,1] : 46
[3,6] [4,1] [5,2] [8,2] : 46
[3,6] [5,1] [6,2] [7,1] [8,1] : 46
[3,3] [4,1] [5,5] [7,2] : 44
[3,5] [4,4] [5,1] [10,1] : 44
[3,8] [5,2] [8,1] : 43
[3,1] [4,7] [6,2] [7,1] : 42
[3,2] [4,3] [5,2] [6,2] [7,2] : 42
[4,7] [5,2] [6,2] : 42
[3,4] [4,3] [6,2] [7,1] [9,1] : 41
[3,6] [5,3] [6,1] [9,1] : 41
[4,7] [5,4] : 41
[3,1] [4,6] [5,1] [6,1] [7,2] : 40
[3,3] [4,5] [5,1] [6,1] [10,1] : 40
[3,5] [4,1] [5,1] [6,2] [7,1] [9,1] : 40
[3,4] [4,1] [5,3] [7,3] : 39
[3,4] [4,4] [5,1] [7,1] [10,1] : 39
[3,10] [4,1] : 38
[3,1] [4,6] [5,2] [7,1] [8,1] : 37
[3,2] [4,7] [5,1] [9,1] : 37
[3,3] [4,3] [6,4] [7,1] : 37
[3,3] [4,5] [7,3] : 37
[3,8] [4,1] [7,2] : 37
[3,3] [4,3] [5,3] [6,1] [10,1] : 36
[3,4] [5,4] [6,2] [8,1] : 36
[3,6] [4,1] [6,1] [7,2] [8,1] : 36
[3,2] [4,3] [5,3] [6,1] [7,1] [8,1] : 35
[3,3] [4,7] [9,1] : 35
[3,4] [4,2] [5,2] [6,2] [10,1] : 35
[3,5] [4,1] [6,4] [7,1] : 35
[3,3] [4,3] [5,1] [6,1] [7,2] [8,1] : 34
[3,3] [4,4] [5,3] [10,1] : 34
[3,8] [6,3] : 34
[3,2] [4,5] [6,3] [8,1] : 33
[3,4] [5,4] [6,1] [7,2] : 33
[3,1] [4,6] [5,1] [6,2] [8,1] : 32
[3,4] [4,2] [5,4] [10,1] : 32
[3,4] [4,3] [6,2] [8,2] : 32
[3,6] [4,2] [5,2] [10,1] : 32
[3,2] [4,1] [5,6] [6,2] : 31
[3,3] [4,6] [8,1] [9,1] : 31
[3,4] [4,2] [6,3] [7,2] : 31
[3,1] [4,8] [5,1] [8,1] : 30
[3,2] [4,4] [5,1] [6,2] [7,1] [8,1] : 30
[4,9] [5,2] : 30
[3,1] [4,3] [5,7] : 29
[3,5] [4,1] [5,1] [6,2] [8,2] : 29
[3,7] [5,2] [6,1] [9,1] : 29
[3,4] [4,1] [5,4] [7,1] [9,1] : 28
[3,1] [4,5] [5,1] [6,4] : 27
[3,4] [4,3] [5,1] [7,1] [8,2] : 27
[3,4] [4,3] [5,1] [7,2] [9,1] : 27
[3,4] [4,5] [6,1] [10,1] : 27
[3,5] [4,2] [5,1] [6,2] [10,1] : 27
[3,5] [5,2] [6,2] [7,1] [8,1] : 27
[3,2] [4,2] [5,3] [6,3] [7,1] : 26
[3,4] [4,3] [5,1] [6,1] [7,1] [10,1] : 26
[3,5] [5,1] [6,5] : 26
[3,2] [4,5] [5,1] [7,3] : 25
[3,3] [4,4] [5,1] [6,2] [10,1] : 25
[3,3] [4,4] [5,2] [7,1] [10,1] : 25
[3,3] [4,4] [6,3] [9,1] : 25
[3,3] [5,7] [6,1] : 25
[3,5] [4,1] [5,3] [6,1] [10,1] : 25
[3,1] [4,9] [7,1] : 24
[3,5] [4,2] [5,2] [7,1] [10,1] : 24
[3,4] [4,4] [6,2] [10,1] : 23
[3,3] [5,5] [6,3] : 22
[3,6] [5,1] [6,1] [7,3] : 22
[3,3] [4,2] [5,1] [6,3] [7,2] : 21
[3,3] [4,2] [5,2] [6,1] [7,3] : 21
[3,4] [4,2] [6,4] [8,1] : 21
[3,4] [5,6] [8,1] : 21
[3,8] [4,1] [5,1] [9,1] : 21
[4,7] [5,3] [7,1] : 21
[3,1] [4,6] [6,3] [7,1] : 20
[3,2] [4,3] [5,2] [6,3] [8,1] : 20
[3,3] [4,1] [5,3] [6,2] [7,2] : 20
[3,3] [4,1] [5,4] [6,1] [7,1] [8,1] : 20
[3,3] [4,2] [5,3] [6,1] [7,1] [9,1] : 20
[3,3] [4,3] [5,1] [6,2] [7,1] [9,1] : 20
[3,4] [4,1] [5,4] [8,2] : 20
[3,5] [5,4] [6,1] [9,1] : 20
[3,6] [4,1] [5,2] [6,1] [10,1] : 20
[3,6] [5,2] [7,2] [8,1] : 20
[3,10] [6,1] : 20
[3,2] [4,2] [5,4] [6,1] [7,2] : 19
[3,2] [4,2] [5,4] [6,2] [8,1] : 19
[3,2] [4,2] [5,6] [8,1] : 19
[3,2] [4,4] [5,2] [6,1] [7,1] [9,1] : 19
[3,2] [4,7] [7,1] [9,1] : 19
[3,2] [4,7] [8,2] : 19
[3,5] [4,4] [7,1] [10,1] : 19
[3,6] [4,3] [6,1] [10,1] : 19
[3,9] [6,1] [7,1] : 19
[3,2] [4,6] [5,1] [8,1] [9,1] : 18
[3,4] [4,2] [5,3] [7,1] [10,1] : 18
[3,5] [4,2] [6,1] [7,1] [8,2] : 18
[4,5] [5,4] [6,2] : 18
[3,3] [4,2] [5,3] [6,1] [8,2] : 17
[4,6] [5,3] [6,1] [7,1] : 17
[3,2] [4,3] [5,5] [9,1] : 16
[3,3] [4,3] [5,2] [6,1] [8,1] [9,1] : 16
[3,5] [4,1] [6,3] [7,1] [8,1] : 16
[4,5] [5,6] : 16
[3,1] [4,3] [5,4] [6,2] [7,1] : 15
[3,1] [4,4] [5,5] [8,1] : 15
[3,2] [4,3] [5,1] [6,4] [7,1] : 15
[3,2] [4,3] [5,3] [6,2] [9,1] : 15
[3,3] [4,3] [5,1] [6,2] [8,2] : 15
[3,4] [4,1] [5,2] [6,1] [7,2] [8,1] : 15
[3,6] [5,2] [6,1] [7,1] [9,1] : 15
[3,1] [4,3] [5,6] [7,1] : 14
[3,1] [4,4] [5,2] [6,3] [7,1] : 14
[3,1] [4,5] [5,2] [6,1] [7,1] [8,1] : 14
[3,3] [4,1] [5,3] [6,3] [8,1] : 14
[3,3] [4,5] [6,1] [8,1] [9,1] : 14
[3,3] [4,6] [5,1] [10,1] : 14
[3,4] [4,3] [7,4] : 14
[3,5] [5,3] [6,1] [7,1] [9,1] : 14
[3,6] [4,4] [10,1] : 14
[3,7] [6,2] [7,1] [8,1] : 14
[4,6] [5,2] [6,3] : 14
[3,1] [4,4] [5,3] [6,1] [7,2] : 13
[3,2] [4,4] [5,2] [6,1] [8,2] : 13
[3,3] [4,2] [5,2] [6,3] [9,1] : 13
[3,5] [4,1] [5,2] [6,1] [8,1] [9,1] : 13
[3,5] [4,2] [7,3] [8,1] : 13
[3,5] [5,3] [6,1] [8,2] : 13
[3,6] [5,2] [6,1] [8,2] : 13
[4,8] [5,1] [6,1] [7,1] : 13
[3,1] [4,4] [5,3] [6,2] [8,1] : 12
[3,1] [4,6] [5,2] [6,1] [9,1] : 12
[3,2] [4,1] [5,8] : 12
[3,3] [4,2] [5,3] [7,2] [8,1] : 12
[3,3] [4,3] [5,2] [6,1] [7,1] [10,1] : 12
[3,3] [4,5] [5,1] [9,2] : 12
[3,3] [5,6] [6,1] [7,1] : 12
[3,4] [4,2] [5,1] [6,1] [7,1] [8,2] : 12
[3,4] [4,2] [5,1] [6,1] [7,2] [9,1] : 12
[3,4] [4,3] [5,2] [8,1] [10,1] : 12
[3,4] [4,3] [5,2] [9,2] : 12
[3,4] [4,5] [8,1] [10,1] : 12
[3,4] [4,5] [9,2] : 12
[3,5] [4,1] [5,2] [7,1] [8,2] : 12
[3,5] [5,1] [6,3] [7,2] : 12
[3,7] [4,2] [5,1] [10,1] : 12
[3,9] [5,1] [8,1] : 12
[3,2] [4,4] [6,5] : 11
[3,3] [4,1] [5,2] [6,4] [7,1] : 11
[3,3] [4,3] [5,2] [7,2] [9,1] : 11
[3,3] [4,5] [5,1] [8,1] [10,1] : 11
[3,3] [4,5] [6,1] [7,1] [10,1] : 11
[3,4] [4,1] [5,2] [6,2] [7,1] [9,1] : 11
[3,5] [5,2] [6,1] [7,3] : 11
[3,2] [4,1] [5,5] [6,2] [7,1] : 10
[3,2] [4,1] [5,7] [7,1] : 10
[3,2] [4,4] [5,1] [6,1] [7,3] : 10
[3,2] [4,4] [5,2] [7,2] [8,1] : 10
[3,2] [4,6] [6,1] [7,1] [9,1] : 10
[3,4] [4,1] [5,3] [6,1] [8,1] [9,1] : 10
[3,4] [4,6] [10,1] : 10
[3,6] [4,1] [6,2] [7,1] [9,1] : 10
[3,6] [4,1] [6,2] [8,2] : 10
[3,7] [6,1] [7,3] : 10
[3,1] [4,2] [5,7] [6,1] : 9
[3,1] [4,5] [5,1] [6,2] [7,2] : 9
[3,2] [4,3] [5,3] [7,3] : 9
[3,2] [4,3] [5,4] [7,1] [9,1] : 9
[3,2] [4,5] [5,2] [6,1] [10,1] : 9
[3,3] [4,2] [5,1] [6,4] [8,1] : 9
[3,3] [4,3] [5,2] [7,1] [8,2] : 9
[3,3] [4,6] [7,1] [10,1] : 9
[3,4] [4,1] [5,4] [6,1] [10,1] : 9
[3,5] [4,2] [6,1] [7,2] [9,1] : 9
[3,5] [5,3] [7,2] [8,1] : 9
[4,4] [5,6] [6,1] : 9
[4,7] [5,1] [6,2] [7,1] : 9
[3,1] [4,4] [5,4] [7,1] [8,1] : 8
[3,1] [4,8] [7,1] [8,1] : 8
[3,2] [4,3] [5,4] [8,2] : 8
[3,2] [4,4] [5,1] [6,3] [9,1] : 8
[3,2] [4,4] [5,3] [8,1] [9,1] : 8
[3,2] [4,5] [6,1] [7,2] [8,1] : 8
[3,3] [4,5] [7,2] [9,1] : 8
[3,4] [4,1] [5,1] [6,3] [7,1] [8,1] : 8
[3,5] [4,1] [5,2] [7,2] [9,1] : 8
[3,5] [4,2] [6,2] [8,1] [9,1] : 8
[4,9] [5,1] [7,1] : 8
[3,1] [4,3] [5,3] [6,4] : 7
[3,1] [4,7] [5,2] [9,1] : 7
[3,2] [4,2] [5,5] [7,1] [8,1] : 7
[3,3] [4,2] [5,3] [6,2] [10,1] : 7
[3,3] [4,2] [5,5] [10,1] : 7
[3,3] [4,3] [6,3] [7,1] [8,1] : 7
[3,4] [4,1] [5,2] [6,2] [8,2] : 7
[3,4] [4,2] [5,1] [6,2] [8,1] [9,1] : 7
[3,4] [4,2] [6,2] [7,2] [8,1] : 7
[3,4] [5,5] [6,1] [9,1] : 7
[3,5] [5,4] [8,1] [9,1] : 7
[3,5] [6,5] [7,1] : 7
[3,6] [5,1] [6,3] [9,1] : 7
[3,6] [6,3] [7,2] : 7
[3,6] [6,5] : 7
[4,8] [6,3] : 7
[3,1] [4,3] [5,5] [7,2] : 6
[3,1] [4,7] [5,1] [8,2] : 6
[3,1] [4,7] [6,1] [7,1] [8,1] : 6
[3,2] [4,1] [5,4] [6,4] : 6
[3,2] [4,2] [5,2] [6,5] : 6
[3,2] [4,6] [5,2] [10,1] : 6
[3,2] [4,6] [6,1] [8,2] : 6
[3,3] [4,1] [5,4] [6,2] [9,1] : 6
[3,3] [4,4] [6,1] [7,1] [8,2] : 6
[3,4] [4,1] [5,1] [6,2] [7,3] : 6
[3,4] [4,2] [5,1] [7,3] [8,1] : 6
[3,4] [4,2] [6,3] [7,1] [9,1] : 6
[3,5] [4,1] [5,1] [7,4] : 6
[3,6] [4,1] [7,4] : 6
[4,5] [5,5] [7,1] : 6
[4,9] [6,2] : 6
[4,10] [6,1] : 6
[3,1] [4,7] [5,1] [7,1] [9,1] : 5
[3,2] [4,4] [5,4] [10,1] : 5
[3,2] [4,4] [6,3] [7,2] : 5
[3,2] [4,5] [5,1] [6,1] [8,1] [9,1] : 5
[3,2] [4,5] [6,2] [8,2] : 5
[3,3] [4,1] [5,6] [9,1] : 5
[3,3] [4,2] [5,4] [8,1] [9,1] : 5
[3,3] [4,4] [5,1] [6,1] [8,1] [10,1] : 5
[3,4] [4,1] [5,3] [7,1] [8,2] : 5
[3,4] [4,1] [6,4] [7,2] : 5
[3,4] [4,1] [6,6] : 5
[3,4] [4,2] [5,1] [6,2] [7,1] [10,1] : 5
[3,4] [4,2] [6,3] [8,2] : 5
[3,4] [5,2] [6,3] [7,2] : 5
[3,4] [5,2] [6,4] [8,1] : 5
[3,4] [5,5] [7,1] [8,1] : 5
[3,5] [4,1] [5,1] [6,3] [10,1] : 5
[3,5] [4,1] [5,2] [6,1] [7,1] [10,1] : 5
[4,7] [5,2] [6,1] [8,1] : 5
[4,7] [5,2] [7,2] : 5
[3,1] [4,2] [5,5] [6,3] : 4
[3,1] [4,3] [5,5] [6,1] [8,1] : 4
[3,1] [4,5] [5,1] [6,3] [8,1] : 4
[3,1] [4,5] [5,2] [6,2] [9,1] : 4
[3,1] [4,5] [5,4] [9,1] : 4
[3,1] [4,6] [5,1] [6,1] [7,1] [9,1] : 4
[3,2] [4,2] [5,5] [6,1] [9,1] : 4
[3,2] [4,4] [5,2] [6,2] [10,1] : 4
[3,2] [4,5] [6,2] [7,1] [9,1] : 4
[3,2] [4,6] [5,1] [7,1] [10,1] : 4
[3,3] [4,2] [6,5] [7,1] : 4
[3,3] [4,3] [5,1] [6,3] [10,1] : 4
[3,3] [4,4] [6,2] [8,1] [9,1] : 4
[3,3] [4,4] [7,3] [8,1] : 4
[3,3] [4,5] [7,1] [8,2] : 4
[3,3] [4,6] [9,1] [10,1] : 4
[3,4] [4,1] [5,3] [6,1] [7,1] [10,1] : 4
[3,4] [4,3] [6,1] [7,1] [8,1] [9,1] : 4
[3,4] [4,3] [7,2] [8,2] : 4
[3,4] [5,3] [6,1] [7,3] : 4
[3,4] [5,3] [6,2] [7,1] [8,1] : 4
[3,5] [4,1] [6,4] [9,1] : 4
[3,6] [5,1] [6,1] [7,1] [8,2] : 4
[3,6] [5,2] [6,2] [10,1] : 4
[3,6] [6,4] [8,1] : 4
[3,7] [5,3] [10,1] : 4
[3,8] [4,2] [10,1] : 4
[3,9] [4,1] [9,1] : 4
[3,10] [8,1] : 4
[4,4] [5,4] [6,3] : 4
[4,5] [5,3] [6,2] [7,1] : 4
[4,6] [5,2] [6,1] [7,2] : 4
[4,8] [5,2] [8,1] : 4
[3,1] [4,2] [5,6] [6,1] [7,1] : 3
[3,1] [4,4] [5,1] [6,5] : 3
[3,1] [4,5] [5,3] [8,2] : 3
[3,1] [4,6] [5,2] [8,1] [9,1] : 3
[3,1] [4,6] [6,2] [7,1] [8,1] : 3
[3,1] [4,8] [6,1] [9,1] : 3
[3,2] [4,3] [5,4] [6,1] [10,1] : 3
[3,2] [4,3] [6,6] : 3
[3,2] [4,5] [5,1] [6,1] [7,1] [10,1] : 3
[3,2] [4,5] [5,1] [7,2] [9,1] : 3
[3,2] [4,5] [5,2] [9,2] : 3
[3,2] [4,5] [7,4] : 3
[3,2] [4,6] [6,2] [10,1] : 3
[3,2] [4,6] [7,2] [8,1] : 3
[3,3] [4,1] [5,5] [7,1] [9,1] : 3
[3,3] [4,2] [5,4] [7,1] [10,1] : 3
[3,3] [4,3] [5,1] [7,4] : 3
[3,3] [4,3] [5,3] [8,1] [10,1] : 3
[3,3] [4,3] [5,3] [9,2] : 3
[3,3] [4,3] [6,4] [9,1] : 3
[3,3] [4,4] [5,1] [7,1] [8,1] [9,1] : 3
[3,3] [4,4] [5,1] [7,2] [10,1] : 3
[3,3] [4,4] [5,2] [9,1] [10,1] : 3
[3,3] [5,4] [6,3] [7,1] : 3
[3,3] [5,5] [6,1] [7,2] : 3
[3,4] [4,1] [5,3] [7,2] [9,1] : 3
[3,4] [4,2] [5,2] [7,1] [8,1] [9,1] : 3
[3,4] [4,3] [6,3] [10,1] : 3
[3,4] [5,4] [7,2] [8,1] : 3
[3,5] [4,1] [6,2] [7,3] : 3
[3,5] [5,1] [6,4] [8,1] : 3
[3,5] [5,2] [6,2] [8,1] [9,1] : 3
[3,5] [5,2] [6,3] [9,1] : 3
[3,5] [5,4] [7,1] [10,1] : 3
[3,6] [5,4] [10,1] : 3
[3,7] [6,3] [9,1] : 3
[4,4] [5,5] [6,1] [7,1] : 3
[4,6] [5,2] [6,2] [8,1] : 3
[4,11] : 3
[3,1] [4,4] [5,4] [6,1] [9,1] : 2
[3,1] [4,5] [5,3] [7,1] [9,1] : 2
[3,1] [4,6] [5,1] [6,1] [8,2] : 2
[3,1] [4,6] [6,1] [7,3] : 2
[3,1] [4,7] [6,2] [9,1] : 2
[3,1] [4,8] [8,1] [9,1] : 2
[3,2] [4,1] [5,6] [6,1] [8,1] : 2
[3,2] [4,4] [5,3] [7,1] [10,1] : 2
[3,2] [4,4] [6,4] [8,1] : 2
[3,2] [4,5] [5,2] [8,1] [10,1] : 2
[3,2] [4,7] [6,1] [10,1] : 2
[3,2] [4,7] [9,2] : 2
[3,2] [5,6] [6,3] : 2
[3,3] [4,1] [5,4] [7,3] : 2
[3,3] [4,4] [5,1] [6,1] [9,2] : 2
[3,3] [4,4] [6,1] [7,2] [9,1] : 2
[3,3] [5,3] [6,5] : 2
[3,3] [5,6] [7,1] [8,1] : 2
[3,4] [4,1] [5,2] [7,4] : 2
[3,4] [4,1] [5,4] [8,1] [10,1] : 2
[3,4] [4,1] [5,4] [9,2] : 2
[3,4] [4,2] [5,2] [6,1] [8,1] [10,1] : 2
[3,4] [4,2] [5,2] [6,1] [9,2] : 2
[3,4] [4,2] [5,2] [7,2] [10,1] : 2
[3,4] [4,2] [6,4] [10,1] : 2
[3,4] [4,3] [6,1] [8,3] : 2
[3,4] [4,3] [6,2] [9,2] : 2
[3,4] [5,2] [6,5] : 2
[3,4] [5,3] [6,3] [9,1] : 2
[3,5] [4,1] [5,1] [6,1] [7,1] [8,1] [9,1] : 2
[3,5] [4,1] [5,1] [7,2] [8,2] : 2
[3,5] [6,3] [7,3] : 2
[3,6] [5,1] [6,1] [7,2] [9,1] : 2
[3,6] [5,1] [7,3] [8,1] : 2
[3,6] [6,2] [7,2] [8,1] : 2
[4,3] [5,6] [6,2] : 2
[4,5] [5,2] [6,4] : 2
[4,5] [5,4] [7,2] : 2
[4,6] [5,3] [7,1] [8,1] : 2
[4,6] [5,4] [8,1] : 2
[4,7] [5,2] [8,2] : 2
[4,8] [5,1] [7,1] [8,1] : 2
[4,9] [6,1] [8,1] : 2
[4,9] [7,2] : 2
[3,1] [4,1] [5,7] [6,2] : 1
[3,1] [4,1] [5,9] : 1
[3,1] [4,5] [5,2] [7,3] : 1
[3,1] [4,5] [6,4] [7,1] : 1
[3,1] [4,7] [5,1] [9,2] : 1
[3,1] [4,9] [9,1] : 1
[3,2] [4,1] [5,6] [7,2] : 1
[3,2] [4,2] [5,6] [10,1] : 1
[3,2] [4,5] [6,3] [10,1] : 1
[3,2] [4,6] [5,1] [9,1] [10,1] : 1
[3,2] [4,6] [6,1] [8,1] [10,1] : 1
[3,2] [4,6] [7,2] [10,1] : 1
[3,2] [4,7] [8,1] [10,1] : 1
[3,2] [4,7] [10,2] : 1
[3,2] [4,8] [10,1] : 1
[3,2] [5,7] [6,1] [7,1] : 1
[3,2] [5,8] [6,1] : 1
[3,2] [5,8] [8,1] : 1
[3,3] [4,1] [5,5] [6,1] [10,1] : 1
[3,3] [4,1] [5,5] [8,2] : 1
[3,3] [4,3] [6,2] [7,3] : 1
[3,3] [4,4] [5,1] [8,3] : 1
[3,3] [4,4] [6,2] [7,1] [10,1] : 1
[3,3] [5,6] [6,1] [9,1] : 1
[3,4] [4,1] [5,2] [6,3] [10,1] : 1
[3,4] [4,2] [5,2] [8,3] : 1
[3,4] [4,3] [7,3] [9,1] : 1
[3,4] [5,4] [6,1] [7,1] [9,1] : 1
[3,4] [5,4] [6,2] [10,1] : 1
[3,4] [5,6] [10,1] : 1
[3,5] [4,1] [5,1] [6,1] [8,3] : 1
[3,5] [4,1] [5,1] [7,3] [9,1] : 1
[3,5] [4,1] [6,2] [7,1] [8,2] : 1
[3,5] [4,1] [6,2] [7,2] [9,1] : 1
[3,5] [5,1] [6,2] [7,2] [8,1] : 1
[3,5] [5,1] [6,3] [8,2] : 1
[3,5] [5,2] [6,1] [7,1] [8,2] : 1
[3,5] [5,2] [6,1] [7,2] [9,1] : 1
[3,5] [5,2] [6,2] [7,1] [10,1] : 1
[3,5] [5,2] [7,3] [8,1] : 1
[3,5] [5,3] [6,2] [10,1] : 1
[3,5] [5,5] [10,1] : 1
[3,6] [6,2] [8,3] : 1
[3,10] [10,1] : 1
[4,2] [5,8] [6,1] : 1
[4,3] [5,8] : 1
[4,6] [5,1] [6,3] [7,1] : 1
[4,6] [6,5] : 1
[4,7] [6,2] [7,2] : 1
[4,7] [6,3] [8,1] : 1
[4,8] [6,1] [7,2] : 1
[4,9] [9,2] : 1
[4,10] [8,1] : 1
