All degree patterns and their frequencies:
[3,4] [4,3] [5,2] : 198
[3,4] [4,2] [5,2] [6,1] : 164
[3,5] [4,3] [5,1] : 143
[3,3] [4,4] [5,1] [6,1] : 134
[3,5] [4,2] [5,1] [6,1] : 125
[3,3] [4,3] [5,3] : 124
[3,3] [4,5] [5,1] : 103
[3,3] [4,2] [5,3] [6,1] : 80
[3,4] [4,4] [6,1] : 73
[3,2] [4,4] [5,2] [6,1] : 72
[3,2] [4,5] [5,2] : 66
[3,3] [4,3] [5,1] [6,2] : 66
[3,5] [4,1] [5,3] : 64
[3,4] [4,5] : 55
[3,4] [4,3] [5,1] [7,1] : 52
[3,6] [4,1] [5,2] : 50
[3,3] [4,3] [5,2] [7,1] : 48
[3,6] [4,3] : 47
[3,4] [4,1] [5,2] [6,2] : 43
[3,4] [4,2] [5,1] [6,1] [7,1] : 43
[3,4] [4,3] [6,2] : 43
[3,6] [4,2] [6,1] : 38
[3,4] [4,1] [5,4] : 35
[3,5] [4,1] [5,1] [6,2] : 35
[3,2] [4,3] [5,4] : 31
[3,3] [4,2] [5,2] [6,1] [7,1] : 29
[3,2] [4,3] [5,2] [6,2] : 25
[3,5] [4,1] [5,2] [7,1] : 24
[3,7] [4,1] [5,1] : 24
[3,5] [5,3] [6,1] : 22
[3,3] [4,4] [6,1] [7,1] : 21
[3,5] [4,3] [7,1] : 20
[3,4] [4,1] [5,3] [7,1] : 19
[3,2] [4,6] [6,1] : 17
[3,5] [4,2] [6,1] [7,1] : 16
[3,1] [4,5] [5,3] : 15
[3,2] [4,5] [5,1] [7,1] : 15
[3,2] [4,5] [6,2] : 15
[3,3] [4,5] [7,1] : 15
[3,2] [4,4] [5,1] [6,1] [7,1] : 14
[3,2] [4,7] : 14
[3,6] [5,2] [6,1] : 14
[3,2] [4,2] [5,4] [6,1] : 13
[3,3] [4,2] [5,1] [6,3] : 13
[3,4] [4,2] [6,3] : 13
[3,2] [4,3] [5,3] [7,1] : 12
[3,3] [4,1] [5,5] : 11
[3,4] [4,1] [5,1] [6,2] [7,1] : 11
[3,1] [4,6] [5,1] [6,1] : 10
[3,6] [4,1] [5,1] [7,1] : 10
[3,1] [4,4] [5,3] [6,1] : 9
[3,1] [4,7] [5,1] : 9
[3,3] [4,1] [5,3] [6,2] : 9
[3,4] [4,2] [5,2] [8,1] : 9
[3,6] [4,1] [6,2] : 9
[3,3] [4,3] [5,1] [7,2] : 8
[3,4] [5,4] [6,1] : 8
[3,5] [5,2] [6,1] [7,1] : 8
[3,8] [4,1] : 8
[3,3] [4,3] [5,1] [6,1] [8,1] : 7
[3,1] [4,5] [5,1] [6,2] : 6
[3,3] [4,3] [6,2] [7,1] : 6
[3,3] [4,4] [5,1] [8,1] : 6
[3,4] [4,3] [6,1] [8,1] : 6
[3,4] [4,3] [7,2] : 6
[3,5] [4,2] [5,1] [8,1] : 6
[3,7] [5,1] [6,1] : 6
[3,3] [4,1] [5,4] [7,1] : 5
[3,3] [4,2] [5,3] [8,1] : 5
[3,4] [4,4] [8,1] : 5
[3,5] [5,1] [6,3] : 5
[3,2] [4,4] [6,3] : 4
[3,3] [5,5] [6,1] : 4
[3,4] [4,1] [5,2] [6,1] [8,1] : 4
[3,4] [4,1] [5,2] [7,2] : 4
[3,1] [4,3] [5,5] : 3
[3,1] [4,4] [5,2] [6,1] [7,1] : 3
[3,1] [4,5] [5,2] [7,1] : 3
[3,2] [4,2] [5,2] [6,3] : 3
[3,2] [4,2] [5,3] [6,1] [7,1] : 3
[3,2] [4,3] [5,1] [6,2] [7,1] : 3
[3,2] [4,4] [5,2] [8,1] : 3
[3,3] [4,4] [7,1] [8,1] : 3
[3,4] [5,3] [6,1] [7,1] : 3
[3,6] [4,2] [8,1] : 3
[3,7] [4,1] [7,1] : 3
[3,8] [6,1] : 3
[4,7] [5,2] : 3
[3,1] [4,6] [6,1] [7,1] : 2
[3,2] [4,1] [5,4] [6,2] : 2
[3,2] [4,3] [5,2] [6,1] [8,1] : 2
[3,2] [4,3] [5,2] [7,2] : 2
[3,2] [4,5] [7,2] : 2
[3,3] [4,1] [5,2] [6,2] [7,1] : 2
[3,3] [4,2] [5,1] [6,1] [7,2] : 2
[3,3] [4,2] [5,1] [6,2] [8,1] : 2
[3,3] [4,2] [5,2] [7,1] [8,1] : 2
[3,3] [4,2] [6,3] [7,1] : 2
[3,3] [5,3] [6,3] : 2
[3,4] [4,1] [6,4] : 2
[3,4] [5,2] [6,3] : 2
[3,5] [5,3] [8,1] : 2
[4,5] [5,4] : 2
[4,6] [5,2] [6,1] : 2
[3,1] [4,2] [5,5] [6,1] : 1
[3,1] [4,3] [5,3] [6,2] : 1
[3,1] [4,4] [5,1] [6,3] : 1
[3,1] [4,5] [5,1] [7,2] : 1
[3,1] [4,7] [7,1] : 1
[3,2] [4,1] [5,5] [7,1] : 1
[3,2] [4,1] [5,6] : 1
[3,2] [4,2] [5,4] [8,1] : 1
[3,2] [4,3] [6,4] : 1
[3,2] [4,4] [5,1] [7,1] [8,1] : 1
[3,2] [4,4] [6,2] [8,1] : 1
[3,2] [4,5] [6,1] [8,1] : 1
[3,2] [4,5] [8,2] : 1
[3,2] [4,6] [8,1] : 1
[3,3] [4,1] [5,3] [6,1] [8,1] : 1
[3,3] [4,1] [5,3] [7,2] : 1
[3,4] [4,1] [6,2] [7,2] : 1
[3,4] [5,2] [6,1] [7,2] : 1
[3,4] [5,2] [6,2] [8,1] : 1
[3,4] [5,4] [8,1] : 1
[3,5] [6,3] [7,1] : 1
[3,8] [8,1] : 1
[4,3] [5,6] : 1
[4,4] [5,4] [6,1] : 1
[4,5] [5,2] [6,2] : 1
[4,6] [6,3] : 1
[4,7] [7,2] : 1
[4,8] [6,1] : 1
[4,9] : 1
